241212
251212
261212
271212
281212
291212
301212
311212
010113
290313
010413
060513
270513
260813
241213
251213
261213
271213
281213
291213
301213
311213
010114
180414
210414
050514
260514
250814
241214
251214
261214
271214
281214
291214
301214
311214
010115
020115
030415
060415
040515
250515
310815
010116
020116
030416
120416
040516
250516
310816
010117
180417
210417
050517
260517
250817
241217
251217
261217
271217
281217
291217
301217
311217